[LEFT_CAM_2K]
fx=1055.5
fy=1054.61
cx=1110.72
cy=626.535
k1=-0.0421925
k2=0.0124922
p1=-0.000304912
p2=-0.000830507
k3=-0.00581955

[RIGHT_CAM_2K]
fx=1058.51
fy=1057.8
cx=1114.91
cy=619.96
k1=-0.044587
k2=0.0138768
p1=-0.00065866
p2=-0.00091099
k3=-0.00615879

[LEFT_CAM_FHD]
fx=1055.5
fy=1054.61
cx=966.72
cy=545.535
k1=-0.0421925
k2=0.0124922
p1=-0.000304912
p2=-0.000830507
k3=-0.00581955

[RIGHT_CAM_FHD]
fx=1058.51
fy=1057.8
cx=970.91
cy=538.96
k1=-0.044587
k2=0.0138768
p1=-0.00065866
p2=-0.00091099
k3=-0.00615879

[LEFT_CAM_HD]
fx=527.75
fy=527.305
cx=641.86
cy=361.2675
k1=-0.0421925
k2=0.0124922
p1=-0.000304912
p2=-0.000830507
k3=-0.00581955

[RIGHT_CAM_HD]
fx=529.255
fy=528.9
cx=643.955
cy=357.98
k1=-0.044587
k2=0.0138768
p1=-0.00065866
p2=-0.00091099
k3=-0.00615879

[LEFT_CAM_VGA]
fx=263.875
fy=263.6525
cx=336.43
cy=188.13375
k1=-0.0421925
k2=0.0124922
p1=-0.000304912
p2=-0.000830507
k3=-0.00581955

[RIGHT_CAM_VGA]
fx=264.6275
fy=264.45
cx=337.4775
cy=186.49
k1=-0.044587
k2=0.0138768
p1=-0.00065866
p2=-0.00091099
k3=-0.00615879

[STEREO]
Baseline=120.013
TY=0.0293358
TZ=-0.561338
CV_2K=-0.00492636
CV_FHD=-0.00492636
CV_HD=-0.00492636
CV_VGA=-0.00492636
RX_2K=-0.00281481
RX_FHD=-0.00281481
RX_HD=-0.00281481
RX_VGA=-0.00281481
RZ_2K=0.000147698
RZ_FHD=0.000147698
RZ_HD=0.000147698
RZ_VGA=0.000147698

